00000000 38 58 0.593750 0.906250 380 435 
00000001 38 58 0.593750 0.906250 380 435 
00000002 37 59 0.578125 0.921875 370 442 
00000003 36 58 0.562500 0.906250 360 435 
00000004 31 60 0.484375 0.937500 310 450 
00000005 38 58 0.593750 0.906250 380 435 
00000006 38 59 0.593750 0.921875 380 442 
00000007 36 58 0.562500 0.906250 360 435 
00000008 31 60 0.484375 0.937500 310 450 
00000009 30 60 0.468750 0.937500 300 450 
00000010 38 58 0.593750 0.906250 380 435 
00000011 36 59 0.562500 0.921875 360 442 
00000012 34 58 0.531250 0.906250 340 435 
00000013 31 60 0.484375 0.937500 310 450 
00000014 27 61 0.421875 0.953125 270 457 
00000015 38 59 0.593750 0.921875 380 442 
00000016 37 59 0.578125 0.921875 370 442 
00000017 34 58 0.531250 0.906250 340 435 
00000018 29 60 0.453125 0.937500 290 450 
00000019 26 60 0.406250 0.937500 260 450 
00000020 39 58 0.609375 0.906250 390 435 
00000021 36 58 0.562500 0.906250 360 435 
00000022 37 59 0.578125 0.921875 370 442 
00000023 27 61 0.421875 0.953125 270 457 
00000024 36 58 0.562500 0.906250 360 435 
00000025 31 60 0.484375 0.937500 310 450 
00000026 27 61 0.421875 0.953125 270 457 
00000027 37 59 0.578125 0.921875 370 442 
00000028 33 59 0.515625 0.921875 330 442 
00000029 27 61 0.421875 0.953125 270 457 
