00000000 37 54 0.578125 0.843750 370 405 
00000001 36 54 0.562500 0.843750 360 405 
00000002 35 55 0.546875 0.859375 350 412 
00000003 29 58 0.453125 0.906250 290 435 
00000004 28 59 0.437500 0.921875 280 442 
00000005 36 54 0.562500 0.843750 360 405 
00000006 36 55 0.562500 0.859375 360 412 
00000007 34 56 0.531250 0.875000 340 420 
00000008 31 56 0.484375 0.875000 310 420 
00000009 28 59 0.437500 0.921875 280 442 
00000010 36 54 0.562500 0.843750 360 405 
00000011 35 54 0.546875 0.843750 350 405 
00000012 34 55 0.531250 0.859375 340 412 
00000013 31 57 0.484375 0.890625 310 427 
00000014 29 59 0.453125 0.921875 290 442 
00000015 36 55 0.562500 0.859375 360 412 
00000016 34 55 0.531250 0.859375 340 412 
00000017 33 55 0.515625 0.859375 330 412 
00000018 31 58 0.484375 0.906250 310 435 
00000019 28 59 0.437500 0.921875 280 442 
00000020 27 59 0.421875 0.921875 270 442 
00000021 36 55 0.562500 0.859375 360 412 
00000022 33 55 0.515625 0.859375 330 412 
00000023 28 59 0.437500 0.921875 280 442 
00000024 36 55 0.562500 0.859375 360 412 
00000025 36 55 0.562500 0.859375 360 412 
00000026 33 56 0.515625 0.875000 330 420 
00000027 31 58 0.484375 0.906250 310 435 
00000028 37 55 0.578125 0.859375 370 412 
00000029 34 55 0.531250 0.859375 340 412 
