00000000 38 57 0.593750 0.890625 380 427 
00000001 38 57 0.593750 0.890625 380 427 
00000002 37 57 0.578125 0.890625 370 427 
00000003 37 57 0.578125 0.890625 370 427 
00000004 36 57 0.562500 0.890625 360 427 
00000005 38 57 0.593750 0.890625 380 427 
00000006 37 57 0.578125 0.890625 370 427 
00000007 37 57 0.578125 0.890625 370 427 
00000008 37 57 0.578125 0.890625 370 427 
00000009 36 56 0.562500 0.875000 360 420 
00000010 37 57 0.578125 0.890625 370 427 
00000011 36 57 0.562500 0.890625 360 427 
00000012 36 57 0.562500 0.890625 360 427 
00000013 36 57 0.562500 0.890625 360 427 
00000014 36 57 0.562500 0.890625 360 427 
00000015 37 57 0.578125 0.890625 370 427 
00000016 37 57 0.578125 0.890625 370 427 
00000017 37 57 0.578125 0.890625 370 427 
00000018 36 57 0.562500 0.890625 360 427 
00000019 36 57 0.562500 0.890625 360 427 
00000020 37 57 0.578125 0.890625 370 427 
00000021 38 57 0.593750 0.890625 380 427 
00000022 36 57 0.562500 0.890625 360 427 
00000023 36 57 0.562500 0.890625 360 427 
00000024 37 57 0.578125 0.890625 370 427 
00000025 37 57 0.578125 0.890625 370 427 
00000026 36 57 0.562500 0.890625 360 427 
00000027 38 57 0.593750 0.890625 380 427 
00000028 38 57 0.593750 0.890625 380 427 
00000029 37 57 0.578125 0.890625 370 427 
