00000000 42 58 0.656250 0.906250 420 435 
00000001 38 59 0.593750 0.921875 380 442 
00000002 31 60 0.484375 0.937500 310 450 
00000003 23 61 0.359375 0.953125 230 457 
00000004 23 61 0.359375 0.953125 230 457 
00000005 40 58 0.625000 0.906250 400 435 
00000006 35 60 0.546875 0.937500 350 450 
00000007 28 61 0.437500 0.953125 280 457 
00000008 27 60 0.421875 0.937500 270 450 
00000009 23 61 0.359375 0.953125 230 457 
00000010 42 58 0.656250 0.906250 420 435 
00000011 35 59 0.546875 0.921875 350 442 
00000012 29 60 0.453125 0.937500 290 450 
00000013 26 61 0.406250 0.953125 260 457 
00000014 23 61 0.359375 0.953125 230 457 
00000015 39 59 0.609375 0.921875 390 442 
00000016 35 59 0.546875 0.921875 350 442 
00000017 28 60 0.437500 0.937500 280 450 
00000018 25 60 0.390625 0.937500 250 450 
00000019 24 61 0.375000 0.953125 240 457 
00000020 23 61 0.359375 0.953125 230 457 
00000021 40 58 0.625000 0.906250 400 435 
00000022 29 60 0.453125 0.937500 290 450 
00000023 35 59 0.546875 0.921875 350 442 
00000024 27 60 0.421875 0.937500 270 450 
00000025 28 61 0.437500 0.953125 280 457 
00000026 24 61 0.375000 0.953125 240 457 
00000027 38 59 0.593750 0.921875 380 442 
00000028 37 59 0.578125 0.921875 370 442 
00000029 23 61 0.359375 0.953125 230 457 
