00000000 37 56 0.578125 0.875000 370 420 
00000001 37 56 0.578125 0.875000 370 420 
00000002 37 56 0.578125 0.875000 370 420 
00000003 37 56 0.578125 0.875000 370 420 
00000004 36 56 0.562500 0.875000 360 420 
00000005 38 56 0.593750 0.875000 380 420 
00000006 37 56 0.578125 0.875000 370 420 
00000007 37 56 0.578125 0.875000 370 420 
00000008 36 56 0.562500 0.875000 360 420 
00000009 37 56 0.578125 0.875000 370 420 
00000010 38 56 0.593750 0.875000 380 420 
00000011 37 56 0.578125 0.875000 370 420 
00000012 37 56 0.578125 0.875000 370 420 
00000013 36 56 0.562500 0.875000 360 420 
00000014 36 56 0.562500 0.875000 360 420 
00000015 39 56 0.609375 0.875000 390 420 
00000016 37 56 0.578125 0.875000 370 420 
00000017 36 56 0.562500 0.875000 360 420 
00000018 36 56 0.562500 0.875000 360 420 
00000019 36 56 0.562500 0.875000 360 420 
00000020 37 56 0.578125 0.875000 370 420 
00000021 37 56 0.578125 0.875000 370 420 
00000022 36 56 0.562500 0.875000 360 420 
00000023 38 56 0.593750 0.875000 380 420 
00000024 37 56 0.578125 0.875000 370 420 
00000025 36 56 0.562500 0.875000 360 420 
00000026 37 57 0.578125 0.890625 370 427 
00000027 36 56 0.562500 0.875000 360 420 
00000028 38 56 0.593750 0.875000 380 420 
00000029 36 56 0.562500 0.875000 360 420 
