00000000 38 59 0.593750 0.921875 380 442 
00000001 35 31 0.546875 0.484375 350 232 
00000002 35 31 0.546875 0.484375 350 232 
00000003 34 31 0.531250 0.484375 340 232 
00000004 23 60 0.359375 0.937500 230 450 
00000005 39 58 0.609375 0.906250 390 435 
00000006 38 58 0.593750 0.906250 380 435 
00000007 37 57 0.578125 0.890625 370 427 
00000008 28 59 0.437500 0.921875 280 442 
00000009 27 60 0.421875 0.937500 270 450 
00000010 39 58 0.609375 0.906250 390 435 
00000011 37 58 0.578125 0.906250 370 435 
00000012 36 58 0.562500 0.906250 360 435 
00000013 29 60 0.453125 0.937500 290 450 
00000014 25 60 0.390625 0.937500 250 450 
00000015 40 58 0.625000 0.906250 400 435 
00000016 37 58 0.578125 0.906250 370 435 
00000017 35 58 0.546875 0.906250 350 435 
00000018 27 60 0.421875 0.937500 270 450 
00000019 24 60 0.375000 0.937500 240 450 
00000020 38 58 0.593750 0.906250 380 435 
00000021 27 59 0.421875 0.921875 270 442 
00000022 40 58 0.625000 0.906250 400 435 
00000023 26 60 0.406250 0.937500 260 450 
00000024 36 57 0.562500 0.890625 360 427 
00000025 25 60 0.390625 0.937500 250 450 
00000026 39 58 0.609375 0.906250 390 435 
00000027 25 60 0.390625 0.937500 250 450 
00000028 30 59 0.468750 0.921875 300 442 
00000029 38 58 0.593750 0.906250 380 435 
